70,3
70,1
70,4
69,1
69,4
72,9
68,1
68,3
72,13
75,1
75,4
72,12
72,3
72,1
72,8
10,29
10,291
10,293
10,27
10,193
10,115
10,189
10,155
11,13
11,24
11,22
11,10
11,5
11,26
9,5
8,6
8,8
8,10
8,4
8,13
8,2
8,3
0,318
12,2
12,1
12,3
86,2
86,1
86,0
85,3
85,2
85,1
85,0
84,3
84,2
84,1
84,0
83,3
83,2
83,1
83,0
82,6
82,5
82,4
82,3
82,2
82,1
20,2
82,0
81,6
81,5
81,4
81,3
20,1
81,2
81,1
20,3
81,0
80,7
80,6
80,5
80,4
80,3
80,2
80,1
80,0
79,7
79,6
79,5
79,4
79,3
79,2
79,1
19,2
79,0
78,4
78,3
19,1
78,2
78,1
19,3
78,0
77,7
77,6
77,5
77,4
77,3
77,2
77,1
77,0
76,11
76,10
76,9
76,8
76,7
76,6
76,5
76,4
76,3
76,2
76,1
64,3
64,1
59,3
59,1
58,3
